Acc =  [  -0.07, 0.01, 1.02   
          -0.07, 0.01, 1.02  
          -0.07, 0.01, 1.02  
          -0.07, 0.01, 1.02   
          -0.07, 0.01, 1.02   
          -0.07, 0.01, 1.02   
          -0.07, 0.01, 1.02  
          -0.07, 0.01, 1.02   
          -0.07, 0.01, 1.02   
          -0.07, 0.01, 1.02  
          -0.07, 0.01, 1.02  
          -0.07, 0.01, 1.02  
          -0.07, 0.01, 1.02  
          -0.07, 0.01, 1.02  
          -0.07, 0.01, 1.02  
          -0.07, 0.01, 1.02  
          -0.07, 0.01, 1.02  
          -0.07, 0.01, 1.02  
          -0.07, 0.01, 1.02  
          -0.07, 0.01, 1.02  
          -0.07, 0.01, 1.02  
          -0.07, 0.01, 1.02   
          -0.07, 0.01, 1.02  
          -0.07, 0.01, 1.02   
          -0.07, 0.01, 1.02   
          -0.07, 0.01, 1.02   
          -0.07, 0.01, 1.02   
          -0.07, 0.01, 1.02   
          -0.07, 0.01, 1.02   
          -0.07, 0.01, 1.02   
          -0.07, 0.01, 1.02   
          -0.07, 0.01, 1.02  
          -0.07, 0.01, 1.02  
          -0.07, 0.01, 1.02]; 

Gyr=  [-0.12, -0.12, 0.43

  -0.06, -0.12, 0.37

  -0.12, -0.06, 0.43

  -0.18, -0.18, 0.49

  -0.24, -0.18, 0.49

  0.00, -0.12, 0.43

  -0.24, -0.12, 0.37

  -0.18, -0.12, 0.49

  -0.12, -0.12, 0.49

  0.06, 0.00, 0.37

  -0.06, -0.06, 0.43

  -0.06, -0.06, 0.49

  0.00, -0.18, 0.49

  -0.12, -0.12, 0.49

  -0.12, -0.12, 0.37

  -0.06, -0.18, 0.43

  -0.18, -0.12, 0.43

  -0.12, -0.12, 0.37

  -0.06, -0.06, 0.43

  -0.18, -0.12, 0.43

  -0.06, -0.12, 0.43

  -0.18, -0.24, 0.43

  -0.12, -0.12, 0.43

  -0.06, -0.12, 0.43

  -0.12, -0.18, 0.31

  -0.18, -0.12, 0.49

  0.00, -0.06, 0.43

  -0.18, -0.12, 0.49

  -0.12, -0.24, 0.49

  -0.12, -0.12, 0.37

  -0.18, -0.18, 0.49

  -0.06, -0.12, 0.43

  -0.18, -0.18, 0.43

  -0.12, -0.12, 0.43

  -0.06, -0.18, 0.43

  -0.18, -0.18, 0.37

  -0.24, -0.12, 0.43

  -0.06, -0.12, 0.37

  -0.06, -0.06, 0.43

  -0.06, -0.06, 0.49

  -0.18, -0.18, 0.31

  -0.18, -0.18, 0.49

  -0.06, -0.06, 0.43

  -0.18, -0.18, 0.49

  -0.18, -0.31, 0.49

  -0.24, -0.06, 0.43

  -0.06, -0.31, 0.43

  -0.12, -0.06, 0.49

  -0.18, -0.18, 0.43

  -0.24, -0.06, 0.37

  -0.18, -0.12, 0.43

  -0.12, -0.06, 0.43

  -0.12, -0.06, 0.43

  0.00, -0.06, 0.49

  -0.12, 0.00, 0.43

  -0.18, -0.12, 0.37

  0.00, -0.12, 0.37

  -0.06, -0.12, 0.43

  -0.18, 0.00, 0.43

  -0.06, -0.12, 0.43

  -0.12, -0.12, 0.43

  -0.18, -0.12, 0.43

  -0.12, -0.06, 0.43

  -0.12, -0.06, 0.43

  -0.12, -0.18, 0.43

  -0.18, -0.06, 0.49

  -0.18, -0.06, 0.37

  -0.12, -0.06, 0.43

  -0.12, -0.12, 0.43

  -0.12, -0.24, 0.37

  0.00, -0.06, 0.43

  -0.12, -0.24, 0.43

  -0.12, -0.12, 0.43

  -0.12, -0.18, 0.43

  -0.06, -0.06, 0.43

  -0.18, -0.18, 0.43

  -0.18, -0.12, 0.43

  -0.06, -0.12, 0.43

  -0.18, -0.06, 0.49

  -0.06, -0.12, 0.37

  -0.24, -0.12, 0.43

  -0.06, -0.06, 0.37

  -0.12, -0.06, 0.37

  -0.12, -0.12, 0.49

  -0.06, -0.18, 0.43

  -0.06, -0.12, 0.43

  -0.18, -0.24, 0.43

  -0.18, -0.12, 0.49

  -0.12, -0.18, 0.43

  -0.12, -0.12, 0.43

  -0.12, -0.12, 0.43

  -0.24, -0.18, 0.49

  -0.06, -0.12, 0.43

  -0.06, -0.24, 0.49

  -0.18, -0.12, 0.43

  -0.06, -0.24, 0.43

  -0.12, -0.06, 0.49

  -0.06, -0.12, 0.49

  -0.12, -0.06, 0.43

  0.00, -0.12, 0.43

  -0.06, -0.06, 0.43

  -0.31, -0.12, 0.43

  -0.12, -0.12, 0.37

  -0.12, -0.18, 0.49

  -0.18, -0.18, 0.49

  -0.12, -0.06, 0.43

  -0.24, -0.18, 0.43 ];
          